=== ERRO DA CAMADA DE SAÍDA ===
E: [[-2.43098807e-02  1.02229573e-01  1.06754901e-02 -3.97748771e-02
   5.36542861e-01 -1.93505509e-01  2.24326804e-02 -6.11381286e-02
   4.95414195e-02  4.44136285e-02 -5.38275701e-02 -1.48664848e-01
  -2.45801997e-02  5.36920289e-02  2.61821319e-02  9.77107460e-02
   4.20860262e-02 -5.64954664e-02 -1.38909840e-01 -4.38011670e-02
  -1.39445178e-02  8.54165924e-02  1.67208299e-02 -1.26688426e-01
  -2.98550002e-02 -8.28403651e-02]
 [-5.02856783e-02  3.63702362e-02 -2.35166533e-02  6.57296601e-03
  -2.60258020e-02 -4.79493754e-02 -1.85744922e-02  1.37438999e-02
  -7.61204314e-02  2.09731862e-02 -2.09277967e-02 -9.24001580e-03
  -4.91892695e-02 -4.57256404e-02  4.77181159e-03  2.43007849e-02
  -1.37365458e-02 -1.38425295e-02 -4.31985843e-02  5.72454117e-02
   1.28487745e-02  5.68696806e-02 -3.76956579e-02  3.23331267e-01
   1.08998267e-01 -1.50979063e-02]
 [-5.23316281e-02 -1.13691120e-01  6.31236240e-02 -3.24787778e-03
  -3.60559117e-03 -1.05474237e-01 -1.33505822e-01 -3.21544431e-02
   2.21654784e-02  2.17000042e-02  9.20092429e-02  6.56110713e-04
  -4.86866712e-02 -1.22813657e-01  4.87205590e-02  6.80957272e-02
   9.18725648e-02  9.07484542e-02  3.63986259e-01  1.71627516e-02
  -6.07423691e-02 -1.95798057e-02  2.61830325e-02 -6.31654619e-02
   4.53986942e-03  3.00202332e-02]
 [-9.96815078e-02  2.37218864e-01 -7.16861217e-03  4.88646613e-02
  -1.00895542e-01  1.52355828e-02 -2.87730338e-02 -7.18969708e-02
   4.41183235e-02 -3.82257931e-03 -5.13693110e-02 -2.21462703e-02
  -1.42161967e-02  2.66088264e-02  4.78271345e-03  1.09243876e-01
   6.11621384e-04  6.92801504e-03  8.26331783e-02 -4.40114954e-02
  -3.39736725e-02 -2.52123158e-02  1.50950702e-02  1.61472972e-02
   1.01681877e-01  1.27506272e-04]]
